0.00 0.00
314.95 0.00
316.23 39.66
317.45 40.48
318.7741.44
319.97 42.40
321.27 43.37
322.56 44.40
323.77 45.60
325.06 46.84
333.17 0.00
327.59 0.00
328.89 50.69
337.05 0.00
331.38 0.00
339.64 0.00
340.94 0.00
335.17 0.00
343.52 0.00
344.81 0.00
338.92 0.00
347.41 0.00
341.44 0.00
350.00 0.00
351.28 0.00
352.59 0.00
353.88 0.00
347.73 0.00
349.03 100.01
350.30 0.00
351.61 103.84
352.91 103.06
354.17 102.65
355.50 102.48
356.78 102.16
358.08 101.67
6.83 0.00
8.13 0.00
1.78 0.00
3.06 154.08
4.38 154.06
5.64 153.79
6.94 153.83
8.25 153.77
9.53 154.21
10.86 154.50
12.16 155.06
13.45 155.79
14.73 155.73
16.05 156.18
17.33 157.23
18.63 158.42
19.91 159.77
21.22 161.15
22.52 163.01
23.80 164.17
25.09 164.74
26.38 165.00
27.67 166.03
28.97 168.73
30.25 171.08
31.56 172.96
32.83 174.72
34.13 175.83
35.50 176.89
36.80 179.67
38.08 184.05
39.38 187.77
40.69 190.78
41.95 193.38
43.27 195.91
44.55 200.52
45.84 204.78
47.14 203.90
48.45 199.63
49.77 195.48
51.08 191.57
52.38 187.78
53.69 183.24
55.00 178.80
56.28 176.21
65.25 0.00
66.59 0.00
67.89 0.00
69.20 0.00
70.50 0.00
71.80 0.00
73.09 0.00
74.39 0.00
75.70 0.00
77.00 0.00
70.69 0.00
79.59 0.00
80.89 0.00
82.20 0.00
83.50 0.00
84.80 0.00
78.52 0.00
79.81 142.29
81.09 141.93
82.42 140.95
91.31 0.00
92.61 0.00
93.91 0.00
95.20 0.00
96.52 0.00
97.81 0.00
99.11 0.00
100.41 0.00
101.72 0.00
103.02 0.00
104.31 0.00
105.61 0.00
106.91 0.00
108.22 0.00
109.52 0.00
110.81 0.00
104.53 139.81
113.42 0.00
114.69 0.00
108.38 141.13
117.27 0.00
110.97 143.65
112.28 143.63
113.56 143.38
114.88 144.75
116.16 146.16
117.45 147.50
118.75 149.11
120.03 151.16
121.34 152.55
122.63 153.85
123.91 155.82
125.20 158.99
126.50 162.57
127.80 164.34
129.09 166.32
138.05 0.00
139.33 0.00
133.02 0.00
141.94 0.00
135.56 0.00
136.89 162.63
138.19 160.04
139.50 156.52
140.80 152.83
142.13 0.00
143.41 145.58
144.73 0.00
146.02 138.51
147.31 137.58
148.66 135.76
149.94 132.80
151.23 130.24
152.56 127.87
153.88 125.10
155.09 123.23
156.41 121.97
157.69 120.93
158.98 120.28
160.28 118.14
161.59 116.91
162.91 115.91
164.17 114.44
165.47 114.20
166.75 113.89
168.06 113.30
169.36 111.93
170.66 110.97
171.95 110.50
173.25 109.98
174.56 109.63
175.84 109.27
177.16 109.29
178.44 109.09
179.73 108.76
181.02 108.59
182.36 108.14
183.63 108.01
184.91 108.27
186.22 108.15
187.50 108.03
188.81 108.31
190.08 108.76
191.39 109.03
192.69 109.06
193.97 109.27
195.28 109.84
196.55 110.45
197.86 109.08
199.19 0.00
200.58 0.00
201.91 0.00
203.23 0.00
204.58 0.00
205.88 0.00
207.20 0.00
208.58 0.00
209.95 0.00
211.22 0.00
212.59 0.00
213.98 0.00
215.31 0.00
216.64 0.00
217.95 0.00
219.30 0.00
220.66 0.00
221.92 42.82
223.14 43.50
224.44 44.36
225.75 45.16
227.05 45.41
228.30 0.00
229.64 43.38
230.92 42.48
232.33 41.50
233.55 40.70
234.88 39.94
236.17 39.08
237.58 38.47
238.92 37.93
240.19 37.19
241.53 36.57
242.77 36.08
244.11 35.60
245.39 35.06
246.77 34.57
248.13 34.20
249.42 33.86
250.64 33.57
252.02 33.20
253.41 32.84
254.73 32.49
255.97 32.16
257.31 31.89
258.52 31.63
259.91 31.46
261.30 31.28
262.45 31.07
263.73 30.92
265.09 30.73
266.42 30.53
267.69 30.40
269.09 30.32
270.36 30.31
271.56 30.28
272.86 30.22
274.16 30.17
275.50 30.17
276.67 30.18
278.09 30.20
279.38 30.24
280.67 30.32
281.91 30.37
283.17 30.43
284.42 30.55
285.64 30.70
287.00 30.80
288.34 30.84
289.63 31.00
290.81 31.25
292.17 31.44
293.45 31.63
294.67 31.84
296.03 32.18
297.27 32.56
298.45 32.79
299.75 33.12
301.03 33.50
302.44 33.79
303.72 34.09
304.98 34.41
306.22 34.85
307.52 35.37
308.78 35.81
309.97 36.25
311.31 36.77
312.50 37.44
313.77 38.12
315.11 38.82
316.34 39.64
317.66 40.43
318.86 41.37
320.14 42.36
321.42 43.35
322.61 44.39
323.94 45.55
325.19 46.71
333.23 0.00
327.69 0.00
328.92 50.68
337.13 0.00
331.45 0.00
339.70 0.00
341.00 0.00
335.23 0.00
343.59 0.00
344.89 0.00
338.95 0.00
347.47 0.00
341.48 0.00
342.73 0.00
351.34 0.00
352.64 0.00
353.92 0.00
347.81 0.00
349.08 100.07
350.36 0.00
351.66 103.99
352.95 102.99
354.27 102.60
355.55 102.41
356.84 102.13
358.14 101.86
6.89 0.00
8.19 0.00
1.83 0.00
3.14 154.00
4.41 154.14
5.73 154.08
7.00 153.92
8.31 153.87
9.61 154.23
10.86 154.43
12.17 154.76
13.45 155.47
14.73 155.80
16.03 156.23
17.33 157.13
18.59 158.34
19.89 159.76
21.19 161.16
22.47 162.07
23.78 163.20
25.05 164.62
26.34 165.28
27.63 166.34
28.92 167.96
30.22 170.36
31.50 172.89
32.78 174.49
34.09 175.64
35.44 176.97
36.73 180.01
38.02 184.26
39.31 187.73
40.61 190.76
41.89 193.29
43.19 195.89
44.47 200.39
45.77 204.68
47.06 205.52
48.36 0.00
49.67 196.72
50.98 192.54
52.27 188.79
53.56 185.25
54.88 180.42
56.17 176.77
65.14 0.00

Final Area: 39621.66^2in
